# d_a
# unit = Mpc
1.393868285382017348e+03
1.395310439106911190e+03
1.396754382051806260e+03
1.398200105523079856e+03
1.399647600626534768e+03
1.401096858264276761e+03
1.402547869131548850e+03
1.404000623713509185e+03
1.405455112281963238e+03
1.406911324892042558e+03
1.408369251378831905e+03
1.409828881353945008e+03
1.411290204202045743e+03
1.412753209077308384e+03
1.414217884899836235e+03
1.415684220352007515e+03
1.417152203874776887e+03
1.418621823663907890e+03
1.420093067666156458e+03
1.421565923575382612e+03
1.423040378828610983e+03
1.424516420602021526e+03
1.425994035806876582e+03
1.427473211085391313e+03
1.428953932806527064e+03
1.430436187061729015e+03
1.431919959660582435e+03
1.433405236126413001e+03
1.434892001691807536e+03
1.436380241294070174e+03
1.437869939570594624e+03
1.439361080854176862e+03
1.440853649168236871e+03
1.442347628221979221e+03
1.443843001405462019e+03
1.445339751784593545e+03
1.446837862096049093e+03
1.448337314742096851e+03
1.449838091785353981e+03
1.451340174943442662e+03
1.452843545583571085e+03
1.454348184717022832e+03
1.455854072993548471e+03
1.457361190695681898e+03
1.458869517732948225e+03
1.460379033635987298e+03
1.461889717550577643e+03
1.463401548231559218e+03
1.464914504036663175e+03
1.466428562920236345e+03
1.467943702426860455e+03
1.469459899684874244e+03
1.470977131399778727e+03
1.472495373847539440e+03
1.474014602867781150e+03
1.475534793856859324e+03
1.477055921760828824e+03
1.478577961068288914e+03
1.480100885803109122e+03
1.481624669517039592e+03
1.483149285282192295e+03
1.484674705683400134e+03
1.486200902810449406e+03
1.487727848250175612e+03
1.489255513078440117e+03
1.490783867851956302e+03
1.492312882599992008e+03
1.493842526815924657e+03
1.495372769448656072e+03
1.496903578893883832e+03
1.498434922985225739e+03
1.499966768985189674e+03
1.501499083575997020e+03
1.503031832850246246e+03
1.504564982301419377e+03
1.506098496814226337e+03
1.507632340654787868e+03
1.509166477460643819e+03
1.510700870230601822e+03
1.512235481314404524e+03
1.513770272402218779e+03
1.515305204513953186e+03
1.516840237988381887e+03
1.518375332472089440e+03
1.519910446908223093e+03
1.521445539525047252e+03
1.522980567824306263e+03
1.524515488569382342e+03
1.526050257773249086e+03
1.527584830686216947e+03
1.529119161783464278e+03
1.530653204752354213e+03
1.532186912479528246e+03
1.533720237037775632e+03
1.535253129672671776e+03
1.536785540788988328e+03
1.538317419936856368e+03
1.539848715797693785e+03
1.541379376169885745e+03
1.542909347954205941e+03
1.544438577138988876e+03
1.545967008785037024e+03
1.547494587010259920e+03
1.549021254974042904e+03
1.550546954861339145e+03
1.552071627866478821e+03
1.553595214176686341e+03
1.555117652955314497e+03
1.556638882324767110e+03
1.558158839349119944e+03
1.559677460016441728e+03
1.561194679220778880e+03
1.562710430743833740e+03
1.564224647236302644e+03
1.565737260198886815e+03
1.567248199962950139e+03
1.568757395670839969e+03
1.570264775255838458e+03
1.571770265421762815e+03
1.573273791622185854e+03
1.574775278039287741e+03
1.576274647562312339e+03
1.577771821765637924e+03
1.579266720886448866e+03
1.580759263801991892e+03
1.582249368006417853e+03
1.583736949587206027e+03
1.585221923201140271e+03
1.586704202049857940e+03
1.588183697854940419e+03
1.589660320832540265e+03
1.591133979667546555e+03
1.592604581487267069e+03
1.594072031834623431e+03
1.595536234640843986e+03
1.596997092197653728e+03
1.598454505128945357e+03
1.599908372361912598e+03
1.601358591097655108e+03
1.602805056781221765e+03
1.604247663071100988e+03
1.605686301808127155e+03
1.607120862983810639e+03
1.608551234708064158e+03
1.609977303176319992e+03
1.611398952636028525e+03
1.612816065352515579e+03
1.614228521574194929e+03
1.615636199497116195e+03
1.617038975228841991e+03
1.618436722751627030e+03
1.619829313884904650e+03
1.621216618247039150e+03
1.622598503216360541e+03
1.623974833891438266e+03
1.625345473050593682e+03
1.626710281110636288e+03
1.628069116084793222e+03
1.629421833539832960e+03
1.630768286552352947e+03
1.632108325664221184e+03
1.633441798837147871e+03
1.634768551406374399e+03
1.636088426033456699e+03
1.637401262658126598e+03
1.638706898449207984e+03
1.640005167754573222e+03
1.641295902050112318e+03
1.642578929887699360e+03
1.643854076842129643e+03
1.645121165457015877e+03
1.646380015189602773e+03
1.647630443225870067e+03
1.648872260911344938e+03
1.650105279000364817e+03
1.651329304030659159e+03
1.652544139160796249e+03
1.653749584108077215e+03
1.654945435085176541e+03
1.656131484735517006e+03
1.657307522067340869e+03
1.658473332386457287e+03
1.659628697227630710e+03
1.660773394284579126e+03
1.661907197338560536e+03
1.663029876185504236e+03
1.664141196561669403e+03
1.665240920067781417e+03
1.666328804091625898e+03
1.667404601729059095e+03
1.668468061703405510e+03
1.669518928283196601e+03
1.670556941198222376e+03
1.671581835553859491e+03
1.672593341743626524e+03
1.673591185359939118e+03
1.674575087103011583e+03
1.675544762687877437e+03
1.676499922749479310e+03
1.677440272745777975e+03
1.678365512858845250e+03
1.679275337893895085e+03
1.680169437176206429e+03
1.681047494445867642e+03
1.681909187750337651e+03
1.682754189334725197e+03
1.683582165529777285e+03
1.684392776637478619e+03
1.685185676814258613e+03
1.685960513951707526e+03
1.686716929554763055e+03
1.687454558617314888e+03
1.688173029495155788e+03
1.688871963776211942e+03
1.689550976148022755e+03
1.690209674262355747e+03
1.690847658596935389e+03
1.691464522314191299e+03
1.692059851116969639e+03
1.692633223101125168e+03
1.693184208604934383e+03
1.693712370055240626e+03
1.694217261810266109e+03
1.694698429999009022e+03
1.695155412357134765e+03
1.695587738059297408e+03
1.695994927547787711e+03
1.696376492357435154e+03
1.696731934936663038e+03
1.697060748464613425e+03
1.697362416664243028e+03
1.697636413611296121e+03
1.697882203539055581e+03
1.698099240638766105e+03
1.698286968855629993e+03
1.698444821680270479e+03
1.698572221935545940e+03
1.698668581558600863e+03
1.698733301378061014e+03
1.698765770886214113e+03
1.698765368006093240e+03
1.698731458853308823e+03
1.698663397492520517e+03
1.698560525688414145e+03
1.698422172651026358e+03
1.698247654775318097e+03
1.698036275374815204e+03
1.697787324409191569e+03
1.697500078205644286e+03
1.697173799173890075e+03
1.696807735514646993e+03
1.696401120921414986e+03
1.695953174275410447e+03
1.695463099333462651e+03
1.694930084408706989e+03
1.694353302043887879e+03
1.693731908677091269e+03
1.693065044299704368e+03
1.692351832106413212e+03
1.691591378137028414e+03
1.690782770909942883e+03
1.689925081046984133e+03
1.689017360889472684e+03
1.688058644105218491e+03
1.687047945286263030e+03
1.685984259537101480e+03
1.684866562053135567e+03
1.683693807689126288e+03
1.682464930517353196e+03
1.681178843375238557e+03
1.679834437402140111e+03
1.678430581565030707e+03
1.676966122172778569e+03
1.675439882378715311e+03
1.673850661671179523e+03
1.672197235351722384e+03
1.670478354000632407e+03
1.668692742929451924e+03
1.666839101620108750e+03
1.664916103150331310e+03
1.662922393604940225e+03
1.660856591472658238e+03
1.658717287028014880e+03
1.656503041697952540e+03
1.654212387412700082e+03
1.651843825940472470e+03
1.649395828205556654e+03
1.646866833589299404e+03
1.644255249213523939e+03
1.641559449205873761e+03
1.638777773946567550e+03
1.635908529296026245e+03
1.632949985802832089e+03
1.629900377891435028e+03
1.626757903029021008e+03
1.623520720870938703e+03
1.620186952384035976e+03
1.616754678947262391e+03
1.613221941428854279e+03
1.609586739239400231e+03
1.605847029360051010e+03
1.602000725345125147e+03
1.598045696298324629e+03
1.593979765821739420e+03
1.589800710936802261e+03
1.585506260976314252e+03
1.581094096446627191e+03
1.576561847859039290e+03
1.571907094529410188e+03
1.567127363344995501e+03
1.562220127497396334e+03
1.557182805180552350e+03
1.552012758252606773e+03
1.546707290860438661e+03
1.541263648025621251e+03
1.535679014190492808e+03
1.529950511722980536e+03
1.524075199378761454e+03
1.518050070719271162e+03
1.511872052484026653e+03
1.505538002915627658e+03
1.499044710035770549e+03
1.492388889870492221e+03
1.485567184622812874e+03
1.478576160790830500e+03
1.471412307229265480e+03
1.464072033152322547e+03
1.456551666075665707e+03
1.448847449695173509e+03
1.440955541700046069e+03
1.432872011517707961e+03
1.424592837987820076e+03
1.416113906962600367e+03
1.407431008830483734e+03
1.398539835960018763e+03
1.389435980060756037e+03
1.380114929457660082e+03
1.370572066275477709e+03
1.360802663529232859e+03
1.350801882116858906e+03
1.340564767709765874e+03
1.330086247536882638e+03
1.319361127057526119e+03
1.308384086518140066e+03
1.297149677387713837e+03
1.285652318666391693e+03
1.273886293061478909e+03
1.261845743024715830e+03
1.249524666644371791e+03
1.236916913385315183e+03
1.224016179669849407e+03
1.210816004291671561e+03
1.197309763654880271e+03
1.183490666829485917e+03
1.169351750414371736e+03
1.154885873198131776e+03
1.140085710607629380e+03
1.124943748933523693e+03
1.109452279321376409e+03
1.093603391516235206e+03
1.077388967347885682e+03
1.060800673943181209e+03
1.043829956650989061e+03
1.026468031664458977e+03
1.008705878324317382e+03
9.905342310859139161e+02
9.719435711316369861e+02
9.529241176091773013e+02
9.334658184748670919e+02
9.135583409200052074e+02
8.931910613566661823e+02
8.723530549379698869e+02
8.510330845861792568e+02
8.292195895002398629e+02
8.069006731125386978e+02
7.840640904626538941e+02
7.606972349537293212e+02
7.367871244548268805e+02
7.123203867101444757e+02
6.872832440133524869e+02
6.616614971024590659e+02
6.354405082275757195e+02
6.086051833406752394e+02
5.811399533529041719e+02
5.530287544012240915e+02
5.242550070620609404e+02
4.948015944452430972e+02
4.646508390967404125e+02
4.337844786336147536e+02
4.021836400290175675e+02
3.698288124591194901e+02
3.366998186173588579e+02
3.027757843943944067e+02
2.680351068145730551e+02
2.324554201114843295e+02
1.960135598162521831e+02
1.586855247225524579e+02
1.204464365817904223e+02
8.127049737046699818e+01
4.113094395928303726e+01
0.000000000000000000e+00
