# d_l
# unit = Mpc
3.484670713455043733e+04
3.474336946480600454e+04
3.464006737663762033e+04
3.453680098651505250e+04
3.443357041157376079e+04
3.433037576962044113e+04
3.422721717913865723e+04
3.412409475929446489e+04
3.402100862994211639e+04
3.391795891162985208e+04
3.381494572560575762e+04
3.371196919382367923e+04
3.360902943894919736e+04
3.350612658436561469e+04
3.340326075418016262e+04
3.330043207323009119e+04
3.319764066708897008e+04
3.309488666207294591e+04
3.299217018524721789e+04
3.288949136443241878e+04
3.278685032821120694e+04
3.268424720593484017e+04
3.258168212772984407e+04
3.247915522450479330e+04
3.237666662795716547e+04
3.227421647058026065e+04
3.217180488567010252e+04
3.206943200733263075e+04
3.196709797049077315e+04
3.186480291089178354e+04
3.176254696511444126e+04
3.166033027057655272e+04
3.155815296554238739e+04
3.145601518913032123e+04
3.135391708132045460e+04
3.125185878296237570e+04
3.114984043578310593e+04
3.104786218239485243e+04
3.094592416630330990e+04
3.084402653191552963e+04
3.074216942454835953e+04
3.064035299043670966e+04
3.053857737674187229e+04
3.043684273156024938e+04
3.033514920393183638e+04
3.023349694384903705e+04
3.013188610226548917e+04
3.003031683110501035e+04
2.992878928327063477e+04
2.982730361265389729e+04
2.972585997414392477e+04
2.962445852363703307e+04
2.952309941804612390e+04
2.942178281531031098e+04
2.932050887440475344e+04
2.921927775535045657e+04
2.911808961922426897e+04
2.901694462816905798e+04
2.891584294540385963e+04
2.881478473523433786e+04
2.871377016306324731e+04
2.861279939540105988e+04
2.851187259987678408e+04
2.841098994524878071e+04
2.831015160141590968e+04
2.820935773942863671e+04
2.810860853150040930e+04
2.800790415101909093e+04
2.790724477255860620e+04
2.780663057189068059e+04
2.770606172599683123e+04
2.760553841308032861e+04
2.750506081257854748e+04
2.740462910517524870e+04
2.730424347281323571e+04
2.720390409870696385e+04
2.710361116735551695e+04
2.700336486455555860e+04
2.690316537741465800e+04
2.680301289436463776e+04
2.670290760517514354e+04
2.660284970096741017e+04
2.650283937422819872e+04
2.640287681882391553e+04
2.630296223001494945e+04
2.620309580447012922e+04
2.610327774028148633e+04
2.600350823697909800e+04
2.590378749554623937e+04
2.580411571843463753e+04
2.570449310958002752e+04
2.560491987441785386e+04
2.550539621989921943e+04
2.540592235450705266e+04
2.530649848827246024e+04
2.520712483279138905e+04
2.510780160124139366e+04
2.500852900839877111e+04
2.490930727065581596e+04
2.481013660603842436e+04
2.471101723422382202e+04
2.461194937655867034e+04
2.451293325607732186e+04
2.441396909752039210e+04
2.431505712735357520e+04
2.421619757378673603e+04
2.411739066679320604e+04
2.401863663812953746e+04
2.391993572135529757e+04
2.382128815185328131e+04
2.372269416685007673e+04
2.362415400543675059e+04
2.352566790858996683e+04
2.342723611919338509e+04
2.332885888205933225e+04
2.323053644395083029e+04
2.313226905360393357e+04
2.303405696175037156e+04
2.293590042114052994e+04
2.283779968656681376e+04
2.273975501488731607e+04
2.264176666504981404e+04
2.254383489811614345e+04
2.244595997728700968e+04
2.234814216792704246e+04
2.225038173759025085e+04
2.215267895604600562e+04
2.205503409530514182e+04
2.195744742964675606e+04
2.185991923564518584e+04
2.176244979219747984e+04
2.166503938055128310e+04
2.156768828433316958e+04
2.147039678957736032e+04
2.137316518475488920e+04
2.127599376080323782e+04
2.117888281115647624e+04
2.108183263177568369e+04
2.098484352118011520e+04
2.088791578047855728e+04
2.079104971340146949e+04
2.069424562633332243e+04
2.059750382834571064e+04
2.050082463123080743e+04
2.040420834953541271e+04
2.030765530059555385e+04
2.021116580457158489e+04
2.011474018448388961e+04
2.001837876624906858e+04
1.992208187871686096e+04
1.982584985370743016e+04
1.972968302604952987e+04
1.963358173361894296e+04
1.953754631737787713e+04
1.944157712141474258e+04
1.934567449298469364e+04
1.924983878255082527e+04
1.915407034382598431e+04
1.905836953381530111e+04
1.896273671285941600e+04
1.886717224467839696e+04
1.877167649641638855e+04
1.867624983868698109e+04
1.858089264561936579e+04
1.848560529490518456e+04
1.839038816784623486e+04
1.829524164940291666e+04
1.820016612824349068e+04
1.810516199679417332e+04
1.801022965129005752e+04
1.791536949182690660e+04
1.782058192241378129e+04
1.772586736040120377e+04
1.763122619869892151e+04
1.753665886310427959e+04
1.744216577382383912e+04
1.734774735525437791e+04
1.725340403604116000e+04
1.715913624913714739e+04
1.706494443186324133e+04
1.697082902596957501e+04
1.687679047769782846e+04
1.678282923784469313e+04
1.668894576182630408e+04
1.659514050974393103e+04
1.650141394645066612e+04
1.640776654161943588e+04
1.631419876981204470e+04
1.622071111054952235e+04
1.612730404838363029e+04
1.603397807296972860e+04
1.594073367914078699e+04
1.584757136698281647e+04
1.575449164191156888e+04
1.566149501475062243e+04
1.556858200181083157e+04
1.547575312497119376e+04
1.538300891176113691e+04
1.529034989544435120e+04
1.519777661510402504e+04
1.510528961572960725e+04
1.501288944830521359e+04
1.492057666989958489e+04
1.482835184375755125e+04
1.473621553939335899e+04
1.464416833268544724e+04
1.455221080597318178e+04
1.446034354815508595e+04
1.436856715478909246e+04
1.427688222819445400e+04
1.418528937755556035e+04
1.409378921902767797e+04
1.400238237584461967e+04
1.391106947842828049e+04
1.381985116450036912e+04
1.372872807919598563e+04
1.363770087517944012e+04
1.354677021276212690e+04
1.345593676002259235e+04
1.336520119292879463e+04
1.327456419546268444e+04
1.318402645974699954e+04
1.309358868617446205e+04
1.300325158353939514e+04
1.291301586917170789e+04
1.282288226907343596e+04
1.273285151805777241e+04
1.264292435989072874e+04
1.255310154743540625e+04
1.246338384279896854e+04
1.237377201748233347e+04
1.228426685253269898e+04
1.219486913869891214e+04
1.210557967658969756e+04
1.201639927683489805e+04
1.192732876024970210e+04
1.183836895800198181e+04
1.174952071178268488e+04
1.166078487397956451e+04
1.157216230785398147e+04
1.148365388772119150e+04
1.139526049913388124e+04
1.130698303906921319e+04
1.121882241611941026e+04
1.113077955068576557e+04
1.104285537517650482e+04
1.095505083420815936e+04
1.086736688481079727e+04
1.077980449663712352e+04
1.069236465217542172e+04
1.060504834696654325e+04
1.051785658982486711e+04
1.043079040306348361e+04
1.034385082272351974e+04
1.025703889880773022e+04
1.017035569551843946e+04
1.008380229149993102e+04
9.997379780085320817e+03
9.911089269547997901e+03
9.824931883357676270e+03
9.738908760441274353e+03
9.653021055448478364e+03
9.567269939022327890e+03
9.481656598074603608e+03
9.396182236066373662e+03
9.310848073293644120e+03
9.225655347178148077e+03
9.140605312563497137e+03
9.055699242016604330e+03
8.970938426134611291e+03
8.886324173857319693e+03
8.801857812785177885e+03
8.717540689502973692e+03
8.633374169909282500e+03
8.549359639551714281e+03
8.465498503968094155e+03
8.381792189033574687e+03
8.298242141313872708e+03
8.214849828424541556e+03
8.131616739396532466e+03
8.048544385047912328e+03
7.965634298362015215e+03
7.882888034871935815e+03
7.800307173051487553e+03
7.717893314712694519e+03
7.635648085409837222e+03
7.553573134850167662e+03
7.471670137311291910e+03
7.389940792065262940e+03
7.308386823809471935e+03
7.227009983104363528e+03
7.145812046817971350e+03
7.064794818577373007e+03
6.983960129227011748e+03
6.903309837293953933e+03
6.822845829460118694e+03
6.742570021041404289e+03
6.662484356473774824e+03
6.582590809806297329e+03
6.502891385201100093e+03
6.423388117440204041e+03
6.344083072439229909e+03
6.264978347767952073e+03
6.186076073177588114e+03
6.107378411134819544e+03
6.028887557362436382e+03
5.950605741386525551e+03
5.872535227090135777e+03
5.794678313273217100e+03
5.717037334218878641e+03
5.639614660265599923e+03
5.562412698385452131e+03
5.485433892768012811e+03
5.408680725409868501e+03
5.332155716709438821e+03
5.255861426066961940e+03
5.179800452489322197e+03
5.103975435199534331e+03
5.028389054250514164e+03
4.953044031142920176e+03
4.877943129446633975e+03
4.803089155425613171e+03
4.728484958665667364e+03
4.654133432704809820e+03
4.580037515665676437e+03
4.506200190889625446e+03
4.432624487571971258e+03
4.359313481397859505e+03
4.286270295178201195e+03
4.213498099485104831e+03
4.141000113286177111e+03
4.068779604577012833e+03
3.996839891011243708e+03
3.925184340527336190e+03
3.853816371971428453e+03
3.782739455715407985e+03
3.711957114269322574e+03
3.641472922887316599e+03
3.571290510166119020e+03
3.501413558635109439e+03
3.431845805337000911e+03
3.362591042397992624e+03
3.293653117586408371e+03
3.225035934858563905e+03
3.156743454890740395e+03
3.088779695596006150e+03
3.021148732624603326e+03
2.953854699846557651e+03
2.886901789815156462e+03
2.820294254209857172e+03
2.754036404257160939e+03
2.688132611127939981e+03
2.622587306309649648e+03
2.557404981951835907e+03
2.492590191183274783e+03
2.428147548399072093e+03
2.364081729515979987e+03
2.300397472194162219e+03
2.237099576023623285e+03
2.174192902673427398e+03
2.111682376001856028e+03
2.049572982125620911e+03
1.987869769446143209e+03
1.926577848631023244e+03
1.865702392548657144e+03
1.805248636154078440e+03
1.745221876323967763e+03
1.685627471638873885e+03
1.626470842110608601e+03
1.567757468852821148e+03
1.509492893692765847e+03
1.451682718722275695e+03
1.394332605785996066e+03
1.337448275904936963e+03
1.281035508633466407e+03
1.225100141347896624e+03
1.169648068464854077e+03
1.114685240587707540e+03
1.060217663579378950e+03
1.006251397559949396e+03
9.527925558275410367e+02
8.998473037010699045e+02
8.474218572835561645e+02
7.955224821447903878e+02
7.441554919222870694e+02
6.933272468395755368e+02
6.430441521410380119e+02
5.933126564426277127e+02
5.441392499980064485e+02
4.955304628797526334e+02
4.474928630755346717e+02
4.000330544992841055e+02
3.531576749176216481e+02
3.068733937920047197e+02
2.611869100372638286e+02
2.161049496974180499e+02
1.716342635399127516e+02
1.277816245696214565e+02
8.455382546423386714e+01
4.195767593286463182e+01
0.000000000000000000e+00
