# d_m
# unit = Mpc
6.969341426910086739e+03
6.962599091143487385e+03
6.955836822617995495e+03
6.949054524449707969e+03
6.942252099107612594e+03
6.935429448408170174e+03
6.928586473509850293e+03
6.921723074907599766e+03
6.914839152427259251e+03
6.907934605219928926e+03
6.901009331756276879e+03
6.894063229820792003e+03
6.887096196505983244e+03
6.880108128206491529e+03
6.873098920613203518e+03
6.866068468707236207e+03
6.859016666753919708e+03
6.851943408296675443e+03
6.844848586150874326e+03
6.837732092397591259e+03
6.830593818377334173e+03
6.823433654683683017e+03
6.816251491156870543e+03
6.809047216877315805e+03
6.801820720159068514e+03
6.794571888543212481e+03
6.787300608791160812e+03
6.780006766877933842e+03
6.772690247985332462e+03
6.765350936495070528e+03
6.757988715981795394e+03
6.750603469206088448e+03
6.743195078107348309e+03
6.735763423796643110e+03
6.728308386549453644e+03
6.720829845798360111e+03
6.713327680125668849e+03
6.705801767255908089e+03
6.698251984048335544e+03
6.690678206489269542e+03
6.683080309684426538e+03
6.675458167851134931e+03
6.667811654310452468e+03
6.660140641479266378e+03
6.652445000862244342e+03
6.644724603043743627e+03
6.636979317679622909e+03
6.629209013488964047e+03
6.621413558245716558e+03
6.613592818770265694e+03
6.605746660920872273e+03
6.597874949585085233e+03
6.589977548671009572e+03
6.582054321098502442e+03
6.574105128790303752e+03
6.566129832663023990e+03
6.558128292618079286e+03
6.550100367532519158e+03
6.542045915249742393e+03
6.533964792570144709e+03
6.525856855241646372e+03
6.517721957950127035e+03
6.509559954309767818e+03
6.501370696853267873e+03
6.493154037021998192e+03
6.484909825156008992e+03
6.476637910483965243e+03
6.468338141112953963e+03
6.460010364018195105e+03
6.451654425032639665e+03
6.443270168836471385e+03
6.434857438946463844e+03
6.426416077705267526e+03
6.417945926270550444e+03
6.409446824604046014e+03
6.400918611460461761e+03
6.392361124376300722e+03
6.383774199658523685e+03
6.375157672373140485e+03
6.366511376333643057e+03
6.357835144089319328e+03
6.349128806913463450e+03
6.340392194791435941e+03
6.331625136408612889e+03
6.322827459138208724e+03
6.313998989028946198e+03
6.305139550792629052e+03
6.296248967791549148e+03
6.287327062025786290e+03
6.278373654120350693e+03
6.269388563312202677e+03
6.260371607437128660e+03
6.251322602916475262e+03
6.242241364743746999e+03
6.233127706471048441e+03
6.223981440195403593e+03
6.214802376544899744e+03
6.205590324664706714e+03
6.196345092202939668e+03
6.187066485296365499e+03
6.177754308555955504e+03
6.168408365052297995e+03
6.159028456300834478e+03
6.149614382246950299e+03
6.140165941250902506e+03
6.130682930072591262e+03
6.121165143856143914e+03
6.111612376114386279e+03
6.102024418713086561e+03
6.092401061855059197e+03
6.082742094064122284e+03
6.073047302168830356e+03
6.063316471286074375e+03
6.053549384804491638e+03
6.043745824367702880e+03
6.033905569857358387e+03
6.024028399376024936e+03
6.014114089229861747e+03
6.004162413911133626e+03
5.994173146080528568e+03
5.984146056549293462e+03
5.974080914261164253e+03
5.963977486274111470e+03
5.953835537741912049e+03
5.943654831895490133e+03
5.933435130024066893e+03
5.923176191456151173e+03
5.912877773540252747e+03
5.902539631625471884e+03
5.892161519041828797e+03
5.881743187080399366e+03
5.871284384973247143e+03
5.860784859873143432e+03
5.850244356833068196e+03
5.839662618785489030e+03
5.829039386521435517e+03
5.818374398669361653e+03
5.807667391673742713e+03
5.796918099773512040e+03
5.786126254980210433e+03
5.775291587055963646e+03
5.764413823491176117e+03
5.753492689482041897e+03
5.742527907907789086e+03
5.731519199307699637e+03
5.720466281857901777e+03
5.709368871347905042e+03
5.698226681156908853e+03
5.687039422229849151e+03
5.675806803053235853e+03
5.664528529630694720e+03
5.653204305458317322e+03
5.641833831499696316e+03
5.630416806160771557e+03
5.618952925264376063e+03
5.607441882024548249e+03
5.595883367020588594e+03
5.584277068170840721e+03
5.572622670706228746e+03
5.560919857143523586e+03
5.549168307258351888e+03
5.537367698057931193e+03
5.525517703753544993e+03
5.513617995732749478e+03
5.501668242531304713e+03
5.489668109804846608e+03
5.477617260300274211e+03
5.465515353826874161e+03
5.453362047227161383e+03
5.441156994347449654e+03
5.428899846008152963e+03
5.416590249973793107e+03
5.404227853780854275e+03
5.391812293180098095e+03
5.379343209541189935e+03
5.366820238099642665e+03
5.354243010880980364e+03
5.341611156669089723e+03
5.328924300974268590e+03
5.316182066001009844e+03
5.303384070615491510e+03
5.290529930312798570e+03
5.277619257183865557e+03
5.264651659882115382e+03
5.251626743589851685e+03
5.238544109984338320e+03
5.225403357203642372e+03
5.212204079812155214e+03
5.198945868765872547e+03
5.185628311377373393e+03
5.172250991280557173e+03
5.158813488395077002e+03
5.145315378890524698e+03
5.131756235150348402e+03
5.118135625735497342e+03
5.104453115347813764e+03
5.090708264793155649e+03
5.076900630944269324e+03
5.063029766703427413e+03
5.049095220964792134e+03
5.035096538576535750e+03
5.021033260302746385e+03
5.006904922785095550e+03
4.992711058504226457e+03
4.978451195740999538e+03
4.964124858537439650e+03
4.949731566657545045e+03
4.935270835547811657e+03
4.920742176297634614e+03
4.906145095599468732e+03
4.891479095708813475e+03
4.876743674404040576e+03
4.861938324946048851e+03
4.847062536037728023e+03
4.832115791783345230e+03
4.817097571647714176e+03
4.802007350415296060e+03
4.786844598149161357e+03
4.771608780149855193e+03
4.756299356914161763e+03
4.740915784093816001e+03
4.725457512454121570e+03
4.709923987832539751e+03
4.694314651097254682e+03
4.678628938105691304e+03
4.662866279663067871e+03
4.647026101480938451e+03
4.631107824135798182e+03
4.615110863027723099e+03
4.599034628339102710e+03
4.582878524993456267e+03
4.566641952614386355e+03
4.550324305484668912e+03
4.533924972505505139e+03
4.517443337155976224e+03
4.500878777452717259e+03
4.484230665909841264e+03
4.467498369499119690e+03
4.450681249610520354e+03
4.433778662013019130e+03
4.416789956815842743e+03
4.399714478430069903e+03
4.382551565530702646e+03
4.365300551019225168e+03
4.347960761986627404e+03
4.330531519677060714e+03
4.313012139452031079e+03
4.295401930755255307e+03
4.277700197078223937e+03
4.259906235926463523e+03
4.242019338786617482e+03
4.224038791094323642e+03
4.205963872203017672e+03
4.187793855353652361e+03
4.169528007645419166e+03
4.151165590007525680e+03
4.132705857172102696e+03
4.114148057648280883e+03
4.095491433697519824e+03
4.076735221310238558e+03
4.057878650183863556e+03
4.038920943702292334e+03
4.019861318916944583e+03
4.000698986529368085e+03
3.981433150875581305e+03
3.962063009912188591e+03
3.942587755204337100e+03
3.923006571915664153e+03
3.903318638800260032e+03
3.883523128196801281e+03
3.863619206024921823e+03
3.843606031783920571e+03
3.823482758553935582e+03
3.803248532999683903e+03
3.782902495376865318e+03
3.762443779541375534e+03
3.741871512961417011e+03
3.721184816732677973e+03
3.700382805596640992e+03
3.679464587962232144e+03
3.658429265930868951e+03
3.637275935325121281e+03
3.616003685721072088e+03
3.594611600484556675e+03
3.573098756811432395e+03
3.551464225772016562e+03
3.529707072359891299e+03
3.507826355545207662e+03
3.485821128332670924e+03
3.463690437824393939e+03
3.441433325287791831e+03
3.419048826228694452e+03
3.396535970469890799e+03
3.373893782235270919e+03
3.351121280239783573e+03
3.328217477785423853e+03
3.305181382863433555e+03
3.282011998262943052e+03
3.258708321686285672e+03
3.235269345871194218e+03
3.211694058720102021e+03
3.187981443436799054e+03
3.164130478670682805e+03
3.140140138668826694e+03
3.116009393436132541e+03
3.091737208903813098e+03
3.067322547106456568e+03
3.042764366367945968e+03
3.018061621496467524e+03
2.993213263988941435e+03
2.968218242245052807e+03
2.943075501791244278e+03
2.917783985514900451e+03
2.892342633909020606e+03
2.866750385327655295e+03
2.841006176252411933e+03
2.815108941570284060e+03
2.789057614863133495e+03
2.762851128709073691e+03
2.736488414996088522e+03
2.709968405248129784e+03
2.683290030964029484e+03
2.656452223969476108e+03
2.629453916782378656e+03
2.602294042991861716e+03
2.574971537651214476e+03
2.547485337685041031e+03
2.519834382310901674e+03
2.492017613475698454e+03
2.464033976307078774e+03
2.435882419580103942e+03
2.407561896199415969e+03
2.379071363697168636e+03
2.350409784746907917e+03
2.321576127693631406e+03
2.292569367100247291e+03
2.263388484310562490e+03
2.234032468029028678e+03
2.204500314917357173e+03
2.174791030208142729e+03
2.144903628335625399e+03
2.114837133583643208e+03
2.084590580750891149e+03
2.054163015833480131e+03
2.023553496724833622e+03
1.992761093932907215e+03
1.961784891314677452e+03
1.930623986827815315e+03
1.899277493299445041e+03
1.867744539211825895e+03
1.836024269504774111e+03
1.804115846394590562e+03
1.772018450209222692e+03
1.739731280239344187e+03
1.707253555604982694e+03
1.674584516137291075e+03
1.641723423274986317e+03
1.608669560974938804e+03
1.575422236636354455e+03
1.541980782037891686e+03
1.508344554287039955e+03
1.474512936781022063e+03
1.440485340178364822e+03
1.406261203380308871e+03
1.371839994521071503e+03
1.337221211965983912e+03
1.302404385316393700e+03
1.267389076420205811e+03
1.232174880386824725e+03
1.196761426605206907e+03
1.161148379763666071e+03
1.125335440869981085e+03
1.089322348270309476e+03
1.053108878665304701e+03
1.016694848121798714e+03
9.800801130783173676e+02
9.432645713426243219e+02
9.062481630794370631e+02
8.690308717863762240e+02
8.316127252561565228e+02
7.939937965229509018e+02
7.561742047908151108e+02
7.181541163419967688e+02
6.799337454228978004e+02
6.415133551054199188e+02
6.028932581213700814e+02
5.640738176675771456e+02
5.250554481793166133e+02
4.858386160696485945e+02
4.464238404322095448e+02
4.068116937050314732e+02
3.670028022929211602e+02
3.269978471459459684e+02
2.867975642915931758e+02
2.464027453181734018e+02
2.058142378070648135e+02
1.650329457114545733e+02
1.240598296792441317e+02
8.289590731787633615e+01
4.154225339887587154e+01
0.000000000000000000e+00
