# h
# unit = Mpc/c
1.485354073388692837e-03
1.480979914802736273e-03
1.476610388635227894e-03
1.472245500682876516e-03
1.467885256767787307e-03
1.463529662737659762e-03
1.459178724465978304e-03
1.454832447852216120e-03
1.450490838822032476e-03
1.446153903327473955e-03
1.441821647347181750e-03
1.437494076886597230e-03
1.433171197978170761e-03
1.428853016681572467e-03
1.424539539083904309e-03
1.420230771299921041e-03
1.415926719472239458e-03
1.411627389771566302e-03
1.407332788396917049e-03
1.403042921575840775e-03
1.398757795564650437e-03
1.394477416648649479e-03
1.390201791142365792e-03
1.385930925389784827e-03
1.381664825764590716e-03
1.377403498670402848e-03
1.373146950541019378e-03
1.368895187840662477e-03
1.364648217064227259e-03
1.360406044737530939e-03
1.356168677417568047e-03
1.351936121692764786e-03
1.347708384183239671e-03
1.343485471541063956e-03
1.339267390450528568e-03
1.335054147628409512e-03
1.330845749824240446e-03
1.326642203820585899e-03
1.322443516433318388e-03
1.318249694511898149e-03
1.314060744939656543e-03
1.309876674634081637e-03
1.305697490547109854e-03
1.301523199665415454e-03
1.297353809010711075e-03
1.293189325640042636e-03
1.289029756646096602e-03
1.284875109157503992e-03
1.280725390339150027e-03
1.276580607392490286e-03
1.272440767555865120e-03
1.268305878104820580e-03
1.264175946352435629e-03
1.260050979649647834e-03
1.255930985385584698e-03
1.251815970987904753e-03
1.247705943923129541e-03
1.243600911696995546e-03
1.239500881854795501e-03
1.235405861981734221e-03
1.231315859703283142e-03
1.227230882685541790e-03
1.223150938635599472e-03
1.219076035301909326e-03
1.215006180474654781e-03
1.210941381986133797e-03
1.206881647711137038e-03
1.202826985567334280e-03
1.198777403515668624e-03
1.194732909560750718e-03
1.190693511751258604e-03
1.186659218180346033e-03
1.182630036986050777e-03
1.178605976351710738e-03
1.174587044506384846e-03
1.170573249725277406e-03
1.166564600330171134e-03
1.162561104689859752e-03
1.158562771220594031e-03
1.154569608386523056e-03
1.150581624700152631e-03
1.146598828722796091e-03
1.142621229065044408e-03
1.138648834387231534e-03
1.134681653399908412e-03
1.130719694864327617e-03
1.126762967592926691e-03
1.122811480449823407e-03
1.118865242351313417e-03
1.114924262266374410e-03
1.110988549217181752e-03
1.107058112279620888e-03
1.103132960583816206e-03
1.099213103314660139e-03
1.095298549712350484e-03
1.091389309072937283e-03
1.087485390748870774e-03
1.083586804149563876e-03
1.079693558741954022e-03
1.075805664051078438e-03
1.071923129660652674e-03
1.068045965213658671e-03
1.064174180412939992e-03
1.060307785021803338e-03
1.056446788864630901e-03
1.052591201827497280e-03
1.048741033858793543e-03
1.044896294969866477e-03
1.041056995235657397e-03
1.037223144795353102e-03
1.033394753853046806e-03
1.029571832678404918e-03
1.025754391607343590e-03
1.021942441042715012e-03
1.018135991455000220e-03
1.014335053383014912e-03
1.010539637434618512e-03
1.006749754287441893e-03
1.002965414689612270e-03
9.991866294604999973e-04
9.954134094914668905e-04
9.916457657466277650e-04
9.878837092636221732e-04
9.841272511543941622e-04
9.803764026059869942e-04
9.766311748813419867e-04
9.728915793201140493e-04
9.691576273394939423e-04
9.654293304350454984e-04
9.617067001815491310e-04
9.579897482338610654e-04
9.542784863277809166e-04
9.505729262809358565e-04
9.468730799936678167e-04
9.431789594499440012e-04
9.394905767182690258e-04
9.358079439526176572e-04
9.321310733933753584e-04
9.284599773682932541e-04
9.247946682934563229e-04
9.211351586742641670e-04
9.174814611064254421e-04
9.138335882769656237e-04
9.101915529652497344e-04
9.065553680440166734e-04
9.029250464804313260e-04
8.993006013371457807e-04
8.956820457733824471e-04
8.920693930460243297e-04
8.884626565107272026e-04
8.848618496230408912e-04
8.812669859395513708e-04
8.776780791190353335e-04
8.740951429236318857e-04
8.705181912200317005e-04
8.669472379806788566e-04
8.633822972849942512e-04
8.598233833206122417e-04
8.562705103846357177e-04
8.527236928849110144e-04
8.491829453413147523e-04
8.456482823870665891e-04
8.421197187700514043e-04
8.385972693541682635e-04
8.350809491206919594e-04
8.315707731696579718e-04
8.280667567212633652e-04
8.245689151172901294e-04
8.210772638225458673e-04
8.175918184263283352e-04
8.141125946439047283e-04
8.106396083180176376e-04
8.071728754204103053e-04
8.037124120533703118e-04
8.002582344512985252e-04
7.968103589822990830e-04
7.933688021497910595e-04
7.899335805941427912e-04
7.865047110943308153e-04
7.830822105696191903e-04
7.796660960812649456e-04
7.762563848342471677e-04
7.728530941790183115e-04
7.694562416132824005e-04
7.660658447837977300e-04
7.626819214882036386e-04
7.593044896768746032e-04
7.559335674547988356e-04
7.525691730834835509e-04
7.492113249828879920e-04
7.458600417333823658e-04
7.425153420777348603e-04
7.391772449231250085e-04
7.358457693431865419e-04
7.325209345800797345e-04
7.292027600465892257e-04
7.258912653282543689e-04
7.225864701855273364e-04
7.192883945559612555e-04
7.159970585564303302e-04
7.127124824853779336e-04
7.094346868250977697e-04
7.061636922440461513e-04
7.028995195991856113e-04
6.996421899383606065e-04
6.963917245027057478e-04
6.931481447290882905e-04
6.899114722525816331e-04
6.866817289089747036e-04
6.834589367373132204e-04
6.802431179824770585e-04
6.770342950977912243e-04
6.738324907476733695e-04
6.706377278103143724e-04
6.674500293803969746e-04
6.642694187718492212e-04
6.610959195206350886e-04
6.579295553875818669e-04
6.547703503612437546e-04
6.516183286608035093e-04
6.484735147390135622e-04
6.453359332851709611e-04
6.422056092281360059e-04
6.390825677393844944e-04
6.359668342361027944e-04
6.328584343843198868e-04
6.297573941020794160e-04
6.266637395626510967e-04
6.235774971977834291e-04
6.204986937009944687e-04
6.174273560309040138e-04
6.143635114146057995e-04
6.113071873510812163e-04
6.082584116146526028e-04
6.052172122584776291e-04
6.021836176180849886e-04
5.991576563149512893e-04
5.961393572601178439e-04
5.931287496578498521e-04
5.901258630093346143e-04
5.871307271164240889e-04
5.841433720854142045e-04
5.811638283308680816e-04
5.781921265794777443e-04
5.752282978739681153e-04
5.722723735770392835e-04
5.693243853753499712e-04
5.663843652835393819e-04
5.634523456482897060e-04
5.605283591524254892e-04
5.576124388190534416e-04
5.547046180157373749e-04
5.518049304587118462e-04
5.489134102171330971e-04
5.460300917173633879e-04
5.431550097472910002e-04
5.402881994606861284e-04
5.374296963815876696e-04
5.345795364087226487e-04
5.317377558199569768e-04
5.289043912767756993e-04
5.260794798287924106e-04
5.232630589182845791e-04
5.204551663847552202e-04
5.176558404695188543e-04
5.148651198203087155e-04
5.120830434959061867e-04
5.093096509707871478e-04
5.065449821397855629e-04
5.037890773227713791e-04
5.010419772693405684e-04
4.983037231635147101e-04
4.955743566284467536e-04
4.928539197311315517e-04
4.901424549871180201e-04
4.874400053652184236e-04
4.847466142922126752e-04
4.820623256575444493e-04
4.793871838180043931e-04
4.767212336023982132e-04
4.740645203161922652e-04
4.714170897461365914e-04
4.687789881648591738e-04
4.661502623354246244e-04
4.635309595158547662e-04
4.609211274636061716e-04
4.583208144399970136e-04
4.557300692145796537e-04
4.531489410694509415e-04
4.505774798034952399e-04
4.480157357365542668e-04
4.454637597135137784e-04
4.429216031083040581e-04
4.403893178278015809e-04
4.378669563156301178e-04
4.353545715558469146e-04
4.328522170765091749e-04
4.303599469531101682e-04
4.278778158118762341e-04
4.254058788329150888e-04
4.229441917532035609e-04
4.204928108694066797e-04
4.180517930405140757e-04
4.156211956902861569e-04
4.132010768094922281e-04
4.107914949579347498e-04
4.083925092662410916e-04
4.060041794374139945e-04
4.036265657481216641e-04
4.012597290497191965e-04
3.989037307689798193e-04
3.965586329085265117e-04
3.942244980469423229e-04
3.919013893385478388e-04
3.895893705128237365e-04
3.872885058734659020e-04
3.849988602970477410e-04
3.827204992312797645e-04
3.804534886928369005e-04
3.781978952647420985e-04
3.759537860932796053e-04
3.737212288844185071e-04
3.715002918997252338e-04
3.692910439517411167e-04
3.670935543988016912e-04
3.649078931392755716e-04
3.627341306051951974e-04
3.605723377552580368e-04
3.584225860671697884e-04
3.562849475293041021e-04
3.541594946316522553e-04
3.520463003560348673e-04
3.499454381655484384e-04
3.478569819932163546e-04
3.457810062298177973e-04
3.437175857108626799e-04
3.416667957026848037e-04
3.396287118876209770e-04
3.376034103482464439e-04
3.355909675506349118e-04
3.335914603266129804e-04
3.316049658549749838e-04
3.296315616416294601e-04
3.276713254986422276e-04
3.257243355221465251e-04
3.237906700690866579e-04
3.218704077327637640e-04
3.199636273171514440e-04
3.180704078099505180e-04
3.161908283543506007e-04
3.143249682194681365e-04
3.124729067694303748e-04
3.106347234310764447e-04
3.088104976602443598e-04
3.070003089066182566e-04
3.052042365771072971e-04
3.034223599977301628e-04
3.016547583739810135e-04
2.999015107496528988e-04
2.981626959640965567e-04
2.964383926078950843e-04
2.947286789769353456e-04
2.930336330248603386e-04
2.913533323138876169e-04
2.896878539639821085e-04
2.880372746003753096e-04
2.864016702994213667e-04
2.847811165327889080e-04
2.831756881099871067e-04
2.815854591192278196e-04
2.800105028666304680e-04
2.784508918137797444e-04
2.769066975136482887e-04
2.753779905449031435e-04
2.738648404446164812e-04
2.723673156394076532e-04
2.708854833750463215e-04
2.694194096445521290e-04
2.679691591148311829e-04
2.665347950518943488e-04
2.651163792447074974e-04
2.637139719277297053e-04
2.623276317021995259e-04
2.609574154562367167e-04
2.596033782838313574e-04
2.582655734027969590e-04
2.569440520717726733e-04
2.556388635063624234e-04
2.543500547945067437e-04
2.530776708111872947e-04
2.518217541325705727e-04
2.505823449497034117e-04
2.493594809818765017e-04
2.481531973897803368e-04
2.469635266885799566e-04
2.457904986610434097e-04
2.446341402708611455e-04
2.434944755762986077e-04
2.423715256443302688e-04
2.412653084654053741e-04
2.401758388689997057e-04
