# mu
4.771080872696781938e+01
4.770435967346436001e+01
4.769789364035146662e+01
4.769141054018071912e+01
4.768491028483480676e+01
4.767839278552074944e+01
4.767185795276306237e+01
4.766530569639677140e+01
4.765873592556039995e+01
4.765214854868882099e+01
4.764554347350608055e+01
4.763892060701802222e+01
4.763227985550495447e+01
4.762562112451410457e+01
4.761894431885204426e+01
4.761224934257698038e+01
4.760553609899099570e+01
4.759880449063212637e+01
4.759205441926637548e+01
4.758528578587961988e+01
4.757849849066939640e+01
4.757169243303660267e+01
4.756486751157707715e+01
4.755802362407302297e+01
4.755116066748444581e+01
4.754427853794032899e+01
4.753737713072976590e+01
4.753045634029301425e+01
4.752351606021233721e+01
4.751655618320278052e+01
4.750957660110282887e+01
4.750257720486491309e+01
4.749555788454580352e+01
4.748851852929687567e+01
4.748145902735422652e+01
4.747437926602867009e+01
4.746727913169561930e+01
4.746015850978478312e+01
4.745301728476974290e+01
4.744585534015742212e+01
4.743867255847735009e+01
4.743146882127081199e+01
4.742424400907984250e+01
4.741699800143608456e+01
4.740973067684947750e+01
4.740244191279674624e+01
4.739513158570983364e+01
4.738779957096406292e+01
4.738044574286619337e+01
4.737306997464231983e+01
4.736567213842552349e+01
4.735825210524343731e+01
4.735080974500561268e+01
4.734334492649064430e+01
4.733585751733319569e+01
4.732834738401081154e+01
4.732081439183049554e+01
4.731325840491516033e+01
4.730567928618982876e+01
4.729807689736770726e+01
4.729045109893594656e+01
4.728280175014131714e+01
4.727512870897559338e+01
4.726743183216073874e+01
4.725971097513389907e+01
4.725196599203216863e+01
4.724419673567710731e+01
4.723640305755903057e+01
4.722858480782111457e+01
4.722074183524320290e+01
4.721287398722544992e+01
4.720498110977155903e+01
4.719706304747202807e+01
4.718911964348686183e+01
4.718115073952824190e+01
4.717315617584281284e+01
4.716513579119374100e+01
4.715708942284248906e+01
4.714901690653034194e+01
4.714091807645958454e+01
4.713279276527448758e+01
4.712464080404188138e+01
4.711646202223154489e+01
4.710825624769622522e+01
4.710002330665134451e+01
4.709176302365442268e+01
4.708347522158416609e+01
4.707515972161920814e+01
4.706681634321654428e+01
4.705844490408962599e+01
4.705004522018607105e+01
4.704161710566507537e+01
4.703316037287440565e+01
4.702467483232709355e+01
4.701616029267767516e+01
4.700761656069813910e+01
4.699904344125339151e+01
4.699044073727641546e+01
4.698180824974296854e+01
4.697314577764588250e+01
4.696445311796893662e+01
4.695573006566036156e+01
4.694697641360577478e+01
4.693819195260086730e+01
4.692937647132342249e+01
4.692052975630504363e+01
4.691165159190231293e+01
4.690274176026751718e+01
4.689380004131886182e+01
4.688482621271018047e+01
4.687582004980014716e+01
4.686678132562099108e+01
4.685770981084660036e+01
4.684860527376021366e+01
4.683946748022140127e+01
4.683029619363262697e+01
4.682109117490514194e+01
4.681185218242433166e+01
4.680257897201445871e+01
4.679327129690276621e+01
4.678392890768300560e+01
4.677455155227829664e+01
4.676513897590330515e+01
4.675569092102585955e+01
4.674620712732775019e+01
4.673668733166493894e+01
4.672713126802704409e+01
4.671753866749605777e+01
4.670790925820436712e+01
4.669824276529202223e+01
4.668853891086318697e+01
4.667879741394187931e+01
4.666901799042683763e+01
4.665920035304560542e+01
4.664934421130777764e+01
4.663944927145733743e+01
4.662951523642421847e+01
4.661954180577485829e+01
4.660952867566192026e+01
4.659947553877302795e+01
4.658938208427858996e+01
4.657924799777858027e+01
4.656907296124842333e+01
4.655885665298370668e+01
4.654859874754401972e+01
4.653829891569559152e+01
4.652795682435288427e+01
4.651757213651907819e+01
4.650714451122539117e+01
4.649667360346923317e+01
4.648615906415118815e+01
4.647560054001073127e+01
4.646499767356068844e+01
4.645435010302048795e+01
4.644365746224799807e+01
4.643291938067007862e+01
4.642213548321174699e+01
4.641130539022395851e+01
4.640042871740986641e+01
4.638950507574967475e+01
4.637853407142399220e+01
4.636751530573556579e+01
4.635644837502948690e+01
4.634533287061174178e+01
4.633416837866609939e+01
4.632295448016932937e+01
4.631169075080461539e+01
4.630037676087322041e+01
4.628901207520426908e+01
4.627759625306272540e+01
4.626612884805537362e+01
4.625460940803481691e+01
4.624303747614995075e+01
4.623141258611664739e+01
4.621973426911353044e+01
4.620800204897549435e+01
4.619621544327194584e+01
4.618437396319784227e+01
4.617247711346241346e+01
4.616052439217541092e+01
4.614851529073091996e+01
4.613644929368857106e+01
4.612432587865218636e+01
4.611214451614569754e+01
4.609990466948632815e+01
4.608760579465492668e+01
4.607524734016340062e+01
4.606282874691918039e+01
4.605034944808654984e+01
4.603780886894492852e+01
4.602520642674380724e+01
4.601254153055442941e+01
4.599981358111801200e+01
4.598702197069050612e+01
4.597416608288364870e+01
4.596124529250241153e+01
4.594825896537852827e+01
4.593520645820019155e+01
4.592208711833761470e+01
4.590890028366453635e+01
4.589564528237534091e+01
4.588232143279790876e+01
4.586892804320183359e+01
4.585546441160201425e+01
4.584192982555750007e+01
4.582832356196533397e+01
4.581464488684935077e+01
4.580089305514375297e+01
4.578706731047124379e+01
4.577316688491568186e+01
4.575919099878895224e+01
4.574513886039198951e+01
4.573100966576971160e+01
4.571680259845964400e+01
4.570251682923421299e+01
4.568815151583626744e+01
4.567370580270774383e+01
4.565917882071137512e+01
4.564456968684492466e+01
4.562987750394803754e+01
4.561510136040122632e+01
4.560024032981684883e+01
4.558529347072183668e+01
4.557025982623185456e+01
4.555513842371659194e+01
4.553992827445598834e+01
4.552462837328701539e+01
4.550923769824068188e+01
4.549375521016904855e+01
4.547817985236177663e+01
4.546251055015196130e+01
4.544674621051082397e+01
4.543088572163091499e+01
4.541492795249741476e+01
4.539887175244710704e+01
4.538271595071466891e+01
4.536645935596567369e+01
4.535010075581602962e+01
4.533363891633727150e+01
4.531707258154712292e+01
4.530040047288497362e+01
4.528362128867158987e+01
4.526673370355254633e+01
4.524973636792473997e+01
4.523262790734536054e+01
4.521540692192279209e+01
4.519807198568848605e+01
4.518062164594943653e+01
4.516305442262019199e+01
4.514536880753394144e+01
4.512756326373151694e+01
4.510963622472779377e+01
4.509158609375437265e+01
4.507341124297771273e+01
4.505511001269169924e+01
4.503668071048370791e+01
4.501812161037292270e+01
4.499943095192003284e+01
4.498060693930690945e+01
4.496164774038518885e+01
4.494255148569236269e+01
4.492331626743407469e+01
4.490394013843126686e+01
4.488442111103051957e+01
4.486475715597619285e+01
4.484494620124256414e+01
4.482498613082440642e+01
4.480487478348401709e+01
4.478460995145287882e+01
4.476418937908593421e+01
4.474361076146631433e+01
4.472287174295833267e+01
4.470196991570630018e+01
4.468090281807685926e+01
4.465966793304197324e+01
4.463826268650004181e+01
4.461668444553207991e+01
4.459493051658995455e+01
4.457299814361336132e+01
4.455088450607220807e+01
4.452858671693064707e+01
4.450610182052905373e+01
4.448342679037968139e+01
4.446055852687197074e+01
4.443749385488263215e+01
4.441422952128591817e+01
4.439076219235877119e+01
4.436708845107555987e+01
4.434320479428647843e+01
4.431910762977356910e+01
4.429479327317778825e+01
4.427025794479018828e+01
4.424549776619987540e+01
4.422050875679074267e+01
4.419528683007878556e+01
4.416982778988098346e+01
4.414412732630614045e+01
4.411818101155768801e+01
4.409198429553750032e+01
4.406553250123913301e+01
4.403882081991807240e+01
4.401184430602577891e+01
4.398459787189334236e+01
4.395707628214933038e+01
4.392927414785582130e+01
4.390118592034483669e+01
4.387280588473650766e+01
4.384412815311877409e+01
4.381514665736681735e+01
4.378585514157888525e+01
4.375624715410332755e+01
4.372631603912967080e+01
4.369605492781443701e+01
4.366545672891012231e+01
4.363451411886305920e+01
4.360321953134327089e+01
4.357156514616627874e+01
4.353954287756340591e+01
4.350714436175365307e+01
4.347436094376590887e+01
4.344118366345612259e+01
4.340760324065890785e+01
4.337361005940790903e+01
4.333919415115310869e+01
4.330434517689691631e+01
4.326905240816347487e+01
4.323330470670757109e+01
4.319709050286093088e+01
4.316039777240332143e+01
4.312321401183534419e+01
4.308552621191729770e+01
4.304732082932497406e+01
4.300858375625794849e+01
4.296930028781893895e+01
4.292945508696374191e+01
4.288903214679966425e+01
4.284801474998657511e+01
4.280638542496738097e+01
4.276412589872413861e+01
4.272121704572167289e+01
4.267763883266121638e+01
4.263337025862227847e+01
4.258838929012058827e+01
4.254267279055230233e+01
4.249619644342921987e+01
4.244893466873459431e+01
4.240086053164301205e+01
4.235194564274888762e+01
4.230216004883409653e+01
4.225147211307334771e+01
4.219984838342352873e+01
4.214725344776553584e+01
4.209364977416093012e+01
4.203899753434408382e+01
4.198325440828767796e+01
4.192637536734676473e+01
4.186831243309397621e+01
4.180901440849400785e+01
4.174842657751293018e+01
4.168649036859962109e+01
4.162314297668733332e+01
4.155831693741509980e+01
4.149193964612257446e+01
4.142393281278140904e+01
4.135421184233123881e+01
4.128268512781022537e+01
4.120925324111103549e+01
4.113380800302142859e+01
4.105623141025667877e+01
4.097639439223403457e+01
4.089415536408182561e+01
4.080935853441962990e+01
4.072183191625484255e+01
4.063138497618245992e+01
4.053780583994062425e+01
4.044085794985889493e+01
4.034027603986129407e+01
4.023576125362866662e+01
4.012697517720695828e+01
4.001353248279094288e+01
3.989499177671632424e+01
3.977084409838401768e+01
3.964049830714724010e+01
3.950326228844508591e+01
3.935831845614463020e+01
3.920469133865115197e+01
3.904120396549912186e+01
3.886641806365395269e+01
3.867855026840793187e+01
3.847535179010966289e+01
3.825393056639786948e+01
3.801047939155901645e+01
3.773984324447144445e+01
3.743479618164732159e+01
3.708475703757417818e+01
3.667332357068779203e+01
3.617301995430334216e+01
3.553234202647540485e+01
3.463566630570215921e+01
3.311405712145344182e+01
-inf
